2.259803380977413944e-05
2.128991226523321273e-05
2.875647619608409463e-05
3.493076020807719929e-05
2.504910092919415763e-05
3.008112042667992526e-05
3.228265869757657923e-05
3.364007411537624042e-05
2.725553047419668992e-05
5.464156108938652846e-05
2.851764984207953268e-05
2.914922193703118331e-05
2.574456138118163897e-05
2.099534858916056646e-05
2.314487063331733643e-05
2.379334390067994396e-05
2.419531646773239884e-05
2.516438688495042884e-05
2.373184080103476692e-05
4.933246962204933207e-05
2.976993178622722939e-05
2.391927783993971743e-05
2.236123074531354399e-05
2.368766475746273174e-05
3.896424580332919662e-05
3.258653510130793862e-05
3.170481484264484908e-05
2.162686504775562828e-05
3.000856674779867997e-05
2.806351321207088223e-05
2.768367829474240743e-05
4.566016585504468421e-05
2.471247330440721942e-05
2.494328794923388943e-05
3.687033390666659627e-05
