1.273506107788328556e+01
1.170897428538326679e+01
1.144417769377035654e+01
1.210616917280262683e+01
1.306605681739941893e+01
1.306605681739941893e+01
1.217236832070585528e+01
1.217236832070585528e+01
1.233786619046392197e+01
1.309915639135103405e+01
1.203997002489940016e+01
1.273506107788328556e+01
1.329775383506071229e+01
1.174207385933487835e+01
1.141107811981874498e+01
1.346325170481877898e+01
1.299985766949619226e+01
1.303295724344780560e+01
1.263576235602844200e+01
1.323155468715748562e+01
1.336395298296394074e+01
1.180827300723810502e+01
1.134487897191551831e+01
1.184137258118972014e+01
1.343015213086716741e+01
1.323155468715748562e+01
1.243716491231876375e+01
1.346325170481877898e+01
1.111318195425422317e+01
1.217236832070585528e+01
1.276816065183489890e+01
1.227166704256069529e+01
1.111318195425422317e+01
1.160967556352842500e+01
1.227166704256069529e+01
1.270196150393167045e+01
1.227166704256069529e+01
1.177517343328649169e+01
1.094768408449615471e+01
1.217236832070585528e+01
1.247026448627037531e+01
1.147727726772197165e+01
1.349635127877039231e+01
1.177517343328649169e+01
1.157657598957681166e+01
1.137797854586713342e+01
1.055048919707679467e+01
